0.2318813
0.0574147
0.5488036
0.8559709
0.3840067
0.9527093
0.268204
0.0885352
0.5334734
0.9025691
0.8941482
0.8888419
0.29892
0.7448124
0.7404071
0.0555193
0.3334624
0.9741205
0.4088456
0.0791984
0.4190154
0.1464427
0.1174356
0.739116
0.7931015
0.9093171
0.4086255
0.4750044
0.4232339
0.1003545
0.111123
0.7191969
0.7832736
0.5164483
0.7276611
0.1745864
0.6243022
0.8719404
0.739378
0.8247109
0.612707
0.9015988
0.7690507
0.7582008
0.457904
0.9402858
0.2292354
0.8533508
0.1500967
0.3162017
0.9422933
0.4975327
0.3940245
0.6730429
0.8624362
0.1939733
0.903728
0.2116589
0.5812718
0.0547175
0.8865227
0.1558285
0.3866794
0.4584449
0.7878568
0.5312018
0.2793222
0.6272128
0.4804789
0.6759328
0.8882548
0.2381766
0.9349213
0.8168203
0.5923093
0.1898139
0.8105986
0.4932531
0.8508536
0.2279835
0.3702107
0.7641607
0.3892037
0.989937
0.585448
0.6593966
0.633895
0.6084284
0.6630349
0.8138403
0.3633488
0.1067676
0.3770494
0.2335425
0.7482319
0.229554
0.452642
0.5320855
0.7384459
0.5631193
0.1873424
0.5589109
0.5088615
0.8465336
0.1954252
0.605133
0.7398332
0.6867365
0.9461938
0.8694045
0.7908718
0.6312668
0.5223601
0.1601385
0.1472801
0.2457027
0.7900366
0.1563145
0.6097298
0.0544713
0.2042683
0.6933445
0.8894675
0.4759529
0.6047439
0.8434145
0.1859068
0.1396005
0.903455
0.5409261
0.9137381
0.4522429
0.2798205
0.8149615
0.0655461
0.8502389
0.5544055
0.7159316
0.6647237
0.1953101
0.2390888
0.7021533
0.9516393
0.2398714
0.2129504
0.7436424
0.4696741
0.136659
0.1136959
0.314354
0.7260329
0.1344945
0.9119686
0.2034876
0.2794557
0.5901278
0.9619802
0.8434
0.3682723
0.6117457
0.7446853
0.9487475
0.3996521
0.1208285
0.091166
0.2565347
0.3876289
0.9885271
0.2439063
0.4410516
0.893829
0.7269088
0.4709865
0.4019644
0.434105
0.8618913
0.6137486
0.1158686
0.737891
0.0874434
0.6527822
0.3651999
0.8040312
0.523425
0.121966
0.5081775
0.506443
0.2731692
0.2414855
0.2141974
0.604585
0.9691572
0.1268249
0.4453541
0.2065386
0.8535787
0.1793411
0.7735397
0.3477744
0.1860149
0.1002268
0.8902894
0.9116644
0.7292187
0.1407316
0.0927748
0.7649788
0.906085
0.7257921
0.2915543
0.1130882
0.1038573
0.2002682
0.1974056
0.0859394
0.3285784
0.9498413
0.9643681
0.0221875
0.2085881
0.6298693
0.7100432
0.3608261
0.1988575
0.3334081
0.3428874
0.0444821
0.2261088
0.341503
0.7827456
0.243977
0.1411915
0.7842861
0.4984627
0.6966141
0.8384836
0.3789926
0.4596014
0.5332387
0.8854837
0.4523227
0.2137208
0.8905653
0.307798
0.1538982
0.8508687
0.8509963
0.262789
0.2734619
0.7353528
0.5454735
0.549891
0.2130708
0.3543644
0.1112563
0.8197819
0.4067107
0.139654
0.7022828
0.8698021
0.7065195
0.969811
0.9619385
0.1514494
0.8601306
0.8889309
0.1600327
0.3073688
0.8660818
0.0910619
0.6769512
0.6567672
0.0459602
0.4134929
0.0534629
0.3377684
0.7782344
0.4153093
0.5755361
0.899139
0.4075915
0.2975736
0.4888609
0.7218498
0.9595432
0.2782424
0.1924496
0.5700835
0.7162391
0.1936499
0.18579
0.2508358
0.8090673
0.793944
0.9040134
0.8212943
0.3364816
0.5647706
0.7993587
0.5771509
0.1177599
0.2870881
0.854703
0.7667952
0.5060775
0.9708531
0.4373905
0.6833139
0.7667717
0.1896074
0.5447761
0.9166725
0.2959729
0.6498296
0.9502382
0.1373367
0.2646782
0.0961395
0.901941
0.486416
0.0741888
0.0915891
0.4012727
0.9325395
0.3738053
0.1758917
0.0817527
0.4363696
0.815498
0.3985414
0.97128
0.9054922
0.9471233
0.740376
0.0779752
0.8628945
0.1085308
0.1239249
0.506448
0.8524054
0.2923996
0.0669639
0.9860527
0.249302
0.4318521
0.1490581
0.1580766
0.4779313
0.8269223
0.6659323
0.2486371
0.9736978
0.4024956
0.1285629
0.0582009
0.1170298
0.9727162
0.4395091
0.8300903
0.0428758
0.1249947
0.1769151
0.7432926
0.4603459
0.8636224
0.549206
0.2532772
0.2009252
0.8474067
0.9334409
0.2045321
0.1273383
0.4178807
0.3385045
0.5961069
0.8623053
0.876613
0.8328526
0.1613323
0.9685342
0.1296358
0.6179042
0.7889655
0.9093189
0.6608476
0.8084086
0.283734
0.7393934
0.3013147
0.3261089
0.7974799
0.3704491
0.7639052
0.6716954
0.8998435
0.6674504
0.9050152
0.4675062
0.1121104
0.3264629
0.7341638
0.5238423
0.2818225
0.7515262
0.9735027
0.2331728
0.2704806
0.9758254
0.7188026
0.2850218
0.1402036
0.9201288
0.7935189
0.1472272
0.4545997
0.6785247
0.6520134
0.3719224
0.7828147
0.7827044
0.5228257
0.2990867
0.727456
0.3512824
0.5514913
0.7662695
0.2309903
0.341632
0.5446434
0.4703784
0.4130501
0.732254
0.2684052
0.1335
0.6580545
0.697324
0.4998269
0.7988207
0.1840616
0.1139389
0.9028022
0.2837621
0.8139215
0.0298535
0.1309185
0.8702423
0.7613271
0.843695
0.2336782
0.4456641
0.6443546
0.7291819
0.8050413
0.7422161
0.2318719
0.1435892
0.7510182
0.2252041
0.7564109
0.3435162
0.3441028
0.2228402
0.0486996
0.1934035
0.8262349
0.1604642
0.4393394
0.9579628
0.7856492
0.2460235
0.6174941
0.6942869
0.3059247
0.2760209
0.7608436
0.842513
0.5898155
0.5608199
0.2911001
0.8993735
0.3236041
0.967179
0.4960049
0.9604143
0.3418774
0.4548416
0.7127652
0.2189232
0.5174798
0.6836999
0.138422
0.5019569
0.8998494
0.6404718
0.5511677
0.9008371
0.7392308
0.775769
0.8723257
0.2813278
0.4839166
0.5168572
0.1443443
0.0931852
0.8023357
0.2797969
0.7480576
0.7851115
0.9105761
0.9088018
0.1393709
0.2294382
0.5293445
0.4398549
0.2795993
0.1173498
0.4418558
0.112124
0.4938082
0.8903675
0.7168947
0.8260452
0.671947
0.5281628
0.676958
0.0886359
0.835335
0.2663333
0.6795325
0.1783973
0.6818421
0.8796147
0.7609088
0.5572474
0.4677199
0.5973214
0.8509222
0.9851178
0.1049341
0.6251561
0.1791667
0.3589681
0.3230913
0.2925142
0.0330751
0.8895031
0.1741574
0.6435702
0.4229345
0.092554
0.4138461
0.3560713
0.6253607
0.2780087
0.6097465
0.3362089
0.6565942
0.8496562
0.07328
0.8343909
0.7908838
0.1612514
0.6702675
0.6583007
0.567962
0.2485532
0.8485272
0.3024248
0.4548973
0.6909017
0.6715305
0.8144669
0.2068042
0.1429838
0.4894881
0.2112394
0.7798521
0.6515941
0.6057332
0.2024488
0.2756258
0.7600415
0.2131088
0.152657
0.7072231
0.7080504
0.863554
0.4500105
0.5287291
0.0427501
0.131048
0.971662
0.1957924
0.2081877
0.4156351
0.863845
0.3669484
0.913341
0.9000295
0.0296691
