0.0061811
0.0004211
0.0019329
0.0097305
0.0001496
0.0015642
0.0005384
0.0002563
0.0007876
0.0022937
0.0005666
0.000236
0.0061811
0.0004925
0.0049715
0.0090217
0.0059318
0.0007876
0.643232
0.0021104
0.0061811
0.0767765
0.102807
0.0062617
0.0062617
0.2795374
0.0375071
0.9861038
0.5458232
0.0006593
9.18e-05
0.0002202
0.0016426
0.0061811
0.0116381
0.3180156
9.4e-05
7.48e-05
0.0030451
0.0255283
0.0003258
0.001219
1.55e-05
0.0061811
0.0014554
0.0061811
0.0097059
0.0061811
0.00016
0.0001648
0.0017108
7.13e-05
0.0002317
0.0439937
4.33e-05
0.0061811
0.0061811
7.12e-05
0.0014554
0.0001642
0.997598
0.1195567
4.33e-05
7.13e-05
0.0061811
0.0061811
0.0075558
0.1825827
0.0279082
9.41e-05
0.978901
0.0263152
0.6118989
0.0030451
0.9883468
0.002997
0.0394454
0.000517
0.0502745
0.9943393
0.1005108
0.0001352
0.0097305
6.24e-05
7.13e-05
0.9634231
0.0007876
0.0061811
0.0012569
0.0061811
0.1063222
0.9982748
0.0251477
0.004897
0.0007876
0.0015198
0.0002225
0.0486455
0.9926327
0.0030451
0.0062617
0.0017598
0.0061811
0.0014554
0.9980512
0.9975487
0.0061811
0.0061811
0.9992709
0.0061811
0.0061811
9.13e-05
0.0387885
0.0003631
0.0306149
0.0003404
0.0003984
0.7661072
7.7e-05
0.9634231
0.0002225
0.0061811
0.0006593
0.0197829
0.0010778
0.0061811
0.0197829
0.0061811
0.9950933
0.0017367
0.0016044
0.0014554
4.49e-05
0.0062617
0.0097059
0.0061811
0.0211412
0.4286082
0.0061811
0.0002539
0.0607692
0.0061811
0.0061811
0.0004904
0.0061811
0.0009129
0.0026873
0.0003872
0.0056113
0.0061811
0.9898252
0.3081398
0.0306149
0.005711
0.0049715
0.0014896
0.9743422
0.0061811
0.0344197
0.0029855
0.0061811
0.0061811
0.0002225
0.0061811
0.0104949
0.0062617
0.000122
0.8301912
0.0004452
0.0061811
0.1547767
0.0028499
0.022809
0.0494804
7.91e-05
0.0061811
0.0114036
0.1644592
0.2516496
0.2501585
0.0061811
0.0097059
0.0306149
0.0030451
0.9984181
0.0061811
0.0111336
0.2289195
0.0061811
0.0075558
0.0061811
0.5383039
0.0045986
0.0061811
0.9631714
0.0061811
0.0014554
0.0461545
0.0173477
0.0306149
0.0090896
0.0061811
0.0111336
0.9976111
0.0061811
5.91e-05
0.0002225
0.1963397
0.0061811
0.0061811
0.0001573
0.0030451
0.0061811
0.0306149
0.0014554
0.9810786
0.9981292
0.0030451
0.0061811
0.0005577
0.0134687
7.09e-05
0.000146
0.0007876
0.0002804
0.9964696
0.9991188
0.0061811
0.0119918
0.0010835
0.0002225
0.000184
1.84e-05
0.0097059
0.0002034
0.0075558
0.008031
0.9997696
0.0197829
0.0310725
0.2892008
0.2501585
0.0306149
0.9900553
0.0030451
2.9e-05
0.0061811
0.0756484
0.0061811
0.0097059
0.0061811
0.2501585
0.0049715
0.0025584
0.0061811
0.9607405
0.0061811
0.0653407
0.0061811
0.0017881
0.0091597
0.0030451
0.0036902
0.0007876
0.0030451
0.0001682
0.0061811
0.0197829
1.94e-05
0.0006115
0.9900321
0.9907941
0.0056249
0.0005281
0.0010972
0.1644592
0.0097305
0.0061811
0.0001757
0.0005384
0.0061811
0.0061811
0.0030451
0.0056113
0.1644592
0.0061811
0.004966
0.9848759
0.0061811
7.13e-05
0.1483806
0.0061811
0.9989619
0.0097305
0.0038295
0.0007816
0.0061811
0.0061811
0.0061811
0.0502745
0.0001573
0.0001674
5.41e-05
0.006635
0.1337438
0.0244048
0.0394454
7.13e-05
0.0360739
0.9417819
0.0001862
2.01e-05
0.0097059
0.0032663
4.33e-05
0.0634118
0.0141484
0.2209273
0.0685639
0.0014554
0.0019389
0.0030451
0.0061811
0.0005454
0.0010778
0.2490542
0.0191429
0.000229
0.0009268
0.0061811
0.0167151
0.0061811
0.0006142
8.21e-05
0.0007876
0.0030451
0.9590521
0.0158455
0.0108127
0.0097305
0.000146
6.24e-05
0.9997436
0.0061811
0.0010003
0.002188
0.0061811
0.0050567
0.0061811
0.0004507
0.0061811
0.0061811
0.968083
0.0017367
0.9829627
0.0002905
0.0061811
0.0380047
0.0359364
3.8e-05
0.9875481
0.0003541
0.6974607
0.0061811
0.9996098
0.9978983
0.0839976
0.2206111
0.0132462
0.0061811
5.03e-05
0.0061811
0.0018765
0.0061811
0.0306149
0.0040517
0.0003834
0.0030451
5.5e-05
0.022809
0.0030451
0.0097059
0.0002225
0.0002606
7.13e-05
0.0010778
0.9066325
0.0030451
0.6974607
0.0048102
0.0767765
0.0003295
0.0061811
0.0306149
7.13e-05
0.0002225
0.0005848
0.0002409
0.000978
0.0045207
0.0499366
0.0056113
0.0091597
0.0045638
0.0001496
0.0064914
0.0306149
0.6974607
3.35e-05
0.0584924
0.0061811
0.1825827
0.0061811
0.4189625
6.24e-05
0.0074339
0.001284
0.0019329
0.0004086
0.3413867
0.0061811
0.0049715
0.0004452
0.0020646
0.0030451
0.0011945
0.0061811
0.9991167
0.000509
0.0061811
0.0061811
4.81e-05
0.0016292
0.0050374
0.0061811
0.0003631
0.0061811
0.0002051
0.0061811
6.91e-05
7.48e-05
0.0003665
0.0056113
0.0061811
0.2289195
0.0006547
0.0097305
0.0002225
0.0038295
0.9552735
0.8948701
0.753578
0.0162056
0.0061811
0.0061811
0.0001138
0.0030451
0.0091597
0.0030451
0.0158455
0.0007289
0.0015921
0.0030451
0.0010778
0.0061811
0.0062617
0.2501585
0.0030451
0.0091597
0.0030451
0.0004452
0.0003631
0.0512341
0.0001389
0.0061811
0.8636294
0.0030451
0.0061811
0.0394454
0.9956761
0.0394454
0.1190691
0.1462806
0.9984055
0.0091597
0.998986
0.3294397
0.042257
5.03e-05
0.9840907
0.0003404
0.0002225
0.9725895
0.0061811
0.0091597
0.0061811
0.0009657
3.8e-05
0.0061811
4.88e-05
0.0002391
8.21e-05
0.0002225
0.8852299
0.0061811
0.0030451
0.0004132
0.0011945
4.82e-05
0.0061811
0.0061811
0.0086346
0.0010413
0.0009697
0.0012989
0.9884304
0.368619
0.8843323
0.0049505
0.0056113
7.13e-05
0.0007876
0.0016538
0.0003319
0.0072829
0.0061811
0.8271603
0.0061811
0.8948701
0.0003188
0.0051806
0.0001573
0.0061811
0.0186641
0.0013577
0.6932378
0.9474083
0.0006315
0.9786545
7.13e-05
0.0706305
0.0061811
0.0061811
0.0597646
0.0061811
0.0056113
0.0007408
0.0097305
0.0058415
0.0062617
0.1458951
4.88e-05
0.0117682
8.22e-05
7.48e-05
0.0005384
0.0497193
0.0014341
0.0026412
0.0006593
0.0004053
0.0002459
0.0061811
0.1644592
2.86e-05
0.0003631
0.0333871
0.0061811
0.0030451
0.0061811
0.7151144
0.9417819
0.0061811
0.9743422
7.13e-05
0.0061811
0.9915974
0.0013878
0.0620774
0.0007169
0.1770272
0.0002299
0.0030451
0.0062617
0.0076007
0.0067863
0.7003434
0.0021322
0.0027248
0.9996506
0.0015411
0.0141484
0.0004659
7.13e-05
0.0241793
0.0006372
0.0030451
0.4384389
0.0014554
0.0061811
0.0109516
0.1004458
0.0531915
0.0014546
0.0006315
0.0007876
0.0062617
0.0061811
0.0197829
4.65e-05
0.0061811
0.0061811
0.0109516
0.0038295
0.0006477
0.0597646
0.0019329
8.33e-05
5.23e-05
0.9751747
0.0061811
7.13e-05
0.022809
3.25e-05
0.0091597
0.0061811
0.102807
0.0016044
7.13e-05
0.0097059
0.0004452
0.0061811
0.1270812
0.0061811
0.0006547
0.0061811
0.2206111
6.88e-05
0.996878
0.0061811
0.9998148
0.9632281
0.9590521
0.0109516
0.9898611
0.0061811
0.0061811
0.0001589
0.0306149
0.0597646
0.997371
0.0002889
0.0244325
0.0037388
0.0097059
0.0061811
0.000385
0.0375391
0.1836328
7.75e-05
0.0061811
7.13e-05
7.13e-05
0.0003631
0.0501461
0.0024545
0.0109516
0.0576801
8.21e-05
0.0109516
0.9976209
0.0062617
0.0017367
0.0461545
0.0056113
0.0022264
0.1599765
0.9925059
0.0002632
0.0061811
0.0016044
0.0003404
0.0061811
0.0061811
0.9590521
0.0046342
0.0049715
0.0394454
7.13e-05
0.0056113
0.000356
0.0004452
0.0135444
0.0461545
0.0010558
0.0061811
0.0014554
0.001612
0.2206111
0.0061811
0.9980613
0.0033152
0.6974607
0.0061811
0.0012609
0.0002069
0.0030451
5.7e-05
0.0006593
0.0061811
0.6974607
0.0472794
0.0002173
0.0609879
0.0061811
0.0545291
0.0001375
0.0030451
0.9993407
7.48e-05
0.0007202
0.0014554
0.1945681
7.13e-05
8.47e-05
0.0030451
0.0030451
0.0097305
0.1612427
0.0091597
0.0005494
6.23e-05
0.0076007
0.9795285
0.9982124
0.0049932
0.0030451
2.01e-05
0.0005367
0.0097305
0.0061811
0.8565618
0.998986
0.9345041
0.0014554
0.0007147
0.0278982
0.0066685
0.0061811
0.005883
0.149686
0.0030451
0.0061811
0.0061811
0.4940781
0.0009067
0.0003144
0.0061811
0.9357397
0.0499366
0.0351717
0.6974607
0.0030451
0.009345
0.0883722
0.0061811
0.2501585
0.0061811
0.0016044
0.0061811
0.0017314
2.01e-05
0.0587008
0.0061811
0.0097305
5.25e-05
0.0005737
0.0061811
0.0019326
0.0061811
0.0091597
0.0002248
0.0461545
0.0306149
0.0852437
0.0061811
0.0011945
1.39e-05
0.0149315
0.0301635
0.0017314
0.0061811
0.0462146
0.9861038
0.0014554
0.0197829
0.1046077
1.84e-05
0.0109516
0.0472794
0.0001144
7.13e-05
0.0149315
0.9988499
0.9828723
0.0061811
0.0499366
0.0197829
0.1795575
0.9866459
0.0061811
0.0061811
0.00032
0.0394454
0.7334584
0.006635
0.0197829
0.8914058
0.0011945
0.0061811
0.0061811
0.0109516
0.9906034
0.9958147
0.8685405
0.0872538
0.0109516
0.000352
0.0197829
7.21e-05
0.0197829
0.0001126
0.0061811
0.0001375
7.13e-05
0.0014554
5.03e-05
0.0006116
0.210161
0.0061811
0.0333871
0.0003631
0.0021366
0.0002225
0.0002123
0.0003631
0.999646
2.18e-05
0.9894221
0.0024853
0.0306149
0.0241793
0.0306149
0.0007396
0.0061811
0.0019664
0.0007876
0.0002705
0.0003816
0.007925
0.0030451
0.8872796
0.0005737
0.0171579
0.0010778
0.0005876
0.0061811
0.0001617
0.0044922
0.0003631
0.0002248
0.0097059
2.28e-05
0.0056113
0.0004683
0.0109516
0.0049802
0.0061811
0.1190691
0.2373143
0.0171191
0.9980969
0.0240862
0.0003834
0.1806466
0.1825827
0.0061811
0.0002031
0.0001153
0.9979155
0.0061811
0.0109516
0.0061811
0.0062617
0.0061811
0.9918942
0.0306149
0.0062617
0.0061811
0.0061811
0.0061811
0.0026873
0.0944853
0.0061811
0.0091597
0.0306149
0.0030451
0.9965347
0.0091597
0.0001516
0.9998091
0.0584924
0.0006583
0.0061811
0.0013103
0.0366871
0.0004452
7.13e-05
0.0007876
0.0003872
0.0306149
0.9906034
0.0002469
0.022809
0.0014554
0.0010253
0.9281547
0.002188
0.0061811
0.004897
0.9990408
0.0061811
0.1825827
0.0176064
0.0061811
0.0010778
0.9929374
0.9925059
0.0057804
0.0025418
0.0061811
0.0061811
0.0013577
0.0030451
0.9179643
0.011429
0.0061811
0.0061811
0.0157844
0.0061811
0.0001186
0.0061811
0.0678192
0.9900832
0.0015573
0.2991606
0.0024853
0.0050374
0.007925
0.0097059
0.0061811
0.0097059
1.1e-05
0.0712349
0.0061811
0.9769566
0.00027
0.0061811
0.0095098
0.0028052
0.0062617
0.0933456
0.0061811
0.0010778
0.9858142
0.0598208
0.0363287
0.053688
0.0010778
0.9926084
0.0097059
0.0021651
7.13e-05
0.0061811
0.9995136
0.3438899
0.014335
0.9929287
0.0061811
0.0056113
0.0001475
0.0007876
0.000229
0.0062617
0.9997621
0.0364039
0.0037388
0.0061811
0.0061811
0.0202905
